{
  camera: {
    camera: {
      pos: { 0.000000, 275.398499, -306.430817 };
      dir: { 0.000000, -0.668443, 0.743764 };
      right: { 1.000000, 0.000000, -0.000000 };
      up: { 0.000000, 0.743764, 0.668443 };
      fov: 1.047000;
      near_plane: 1.000000;
      far_plane: 2000.000000;
    };
    yaw: 0.000000;
    pitch: 0.732113;
    roll: 0.000000;
  };
};
