{
  particle_texture: 'gfx/particle1_pre.png';
  camera: {
    camera: {
      pos: { 0.000000, -51.000000, -182.000000 };
      dir: { 0.000000, 0.000000, 1.000000 };
      right: { 1.000000, 0.000000, 0.000000 };
      up: { 0.000000, 1.000000, 0.000000 };
      fov: 1.047000;
      near_plane: 1.000000;
      far_plane: 2000.000000;
    };
    yaw: 0.000000;
    pitch: 0.000000;
    roll: 0.000000;
  };
  damping: 0.010000;
  gravity: { 0.000000, -1.000000, 0.000000 };
  tonemap: {
    exposure: 1.000000;
    min_white: 1.511000;
  };
};
