{
  texture: 'gfx/particle_orange.png';
  tint: { 0.866667, 0.878431, 1.000000, 0.752941 };
  inner_color: { 0.098039, 0.058824, 0.133333, 1.000000 };
  outer_color: { 0.188235, 0.278431, 0.486275, 1.000000 };
  num_particles: 500;
  text_min_dist: 500.000000;
  text_max_dist: 2000.000000;
  blur_radius: 18.000000;
  plexus: {
    eps: 0.010000;
    min_dist: 0.100000;
    max_dist: 724.899048;
    num_neighbours: 10;
    num_nearest: 5;
  };
  sphere: {
    radius: 600.000000;
    slices: 13;
    stacks: 6;
    layers: 14;
  };
  deform: {
    blur_kernel: 10.000000;
    noise_strength: 0.000000;
    perlin_scale: 10.000000;
  };
  tonemap: {
    exposure: 1.000000;
    min_white: 1.000000;
  };
  camera: {
    camera: {
      pos: { 38.525749, 72.354019, -352.032837 };
      dir: { -0.196264, -0.459529, 0.866206 };
      right: { 0.975279, -0.000000, 0.220978 };
      up: { -0.101546, 0.888163, 0.448169 };
      fov: 1.047000;
      near_plane: 1.000000;
      far_plane: 2000.000000;
    };
    yaw: -0.222817;
    pitch: 0.477465;
    roll: 0.000000;
  };
  angle_scale: 5.510000;
  keyframe_scale: 10.000000;
  keyframe_step: 9.414001;
  num_keyframes: 20;
};
