{
  texture: 'gfx/particle1_pre.png';
  tint: { 0.866667, 0.878431, 1.000000, 0.752941 };
  inner_color: { 0.098039, 0.058824, 0.133333, 1.000000 };
  outer_color: { 0.188235, 0.278431, 0.486275, 1.000000 };
  num_particles: 5000;
  text_min_dist: 500.000000;
  text_max_dist: 2000.000000;
  text_triangle_prob: 0.000000;
  blur_radius: 15.000000;
  text_start: 4.000000;
  text_length: 5.000000;
  fade_delay: 1.000000;
  fade_out: 2.000000;
  plexus: {
    radius: 600.000000;
    blur_kernel: 10.000000;
    noise_strength: 0.000000;
    perlin_scale: 10.000000;
    eps: 0.010000;
    min_dist: 0.100000;
    max_dist: 200.000000;
    num_neighbours: 10;
    slices: 13;
    stacks: 6;
    layers: 14;
    num_nearest: 2;
  };
};
