{
  camera: {
    yaw: -1.941691;
    pitch: -1.039345;
    roll: 0.000000;
    pos: { 0.000000, 200.000000, 0.000000 };
  };
  boids: {
    separation_scale: 25.000000;
    cohesion_scale: 20.000000;
    alignment_scale: 20.000000;
    wander_scale: 60.000000;
    follow_scale: 50.000000;
    cohesion_distance: 25.000000;
    separation_distance: 20.000000;
    max_speed: 300.000000;
    max_force: 100.000000;
    waypoint_radius: 10.000000;
    num_flocks: 1;
    boids_per_flock: 25;
  };
};
