{
  tonemap: {
    exposure: 1.000000;
    min_white: 1.306000;
  };
  camera: {
    camera: {
      pos: { 644.470886, 25.670029, -195.711563 };
      dir: { 0.719193, -0.126982, -0.683109 };
      right: { -0.688684, 0.000000, -0.725062 };
      up: { 0.092070, 0.991905, -0.087451 };
      fov: 1.047000;
      near_plane: 1.000000;
      far_plane: 2000.000000;
    };
    yaw: 14.896839;
    pitch: 0.127326;
    roll: 0.000000;
  };
  spline_speed: 0.808000;
  boids: {
    separation_scale: 5.000000;
    cohesion_scale: 5.000000;
    alignment_scale: 0.000000;
    wander_scale: 10.000000;
    follow_scale: 10.000000;
    cohesion_distance: 500.000000;
    separation_distance: 45.500004;
    max_speed: 25.000000;
    max_force: 20.000000;
    waypoint_radius: 10.000000;
    num_flocks: 10;
    boids_per_flock: 500;
  };
  particle_texture: 'gfx/particle_white.png';
  lens_flare: {
    scale_bias: {
      scale: 1.000000;
      bias: 0.500000;
    };
    dispersion: 0.434000;
    num_ghosts: 4;
    halo_width: 0.364000;
    strength: 0.293000;
  };
};
