{
  camera: {
    yaw: 1.909860;
    pitch: 0.222817;
    roll: 0.000000;
    pos: { 118.431137, 21.485031, 463.912231 };
  };
  boids: {
    separation_scale: 4.040000;
    cohesion_scale: 6.061000;
    alignment_scale: 0.000000;
    wander_scale: 13.636001;
    follow_scale: 0.000000;
    cohesion_distance: 500.000000;
    separation_distance: 500.000000;
    max_speed: 100.000008;
    max_force: 30.000002;
    waypoint_radius: 10.000000;
    num_flocks: 1;
    boids_per_flock: 250;
  };
  particle_texture: 'gfx/particle3.png';
  tonemap: {
    shoulder: 0.843000;
    max_white: 1.268000;
  };
  lens_flare: {
    scale_bias: {
      scale: 1.000000;
      bias: 0.500000;
    };
    dispersion: 0.313000;
    num_ghosts: 4;
    halo_width: 0.364000;
    strength: 0.100000;
  };
};
