{
  yaw: 0.923098;
  pitch: 0.190986;
  pos: { -781.734680, 53.991550, -1543.707397 };
};
