{
  camera: {
    camera: {
      pos: { 160.028717, 68.564110, 271.430206 };
      dir: { -0.922653, -0.000002, -0.385631 };
      right: { -0.385631, -0.000000, 0.922653 };
      up: { -0.000002, 1.000000, -0.000001 };
      fov: 1.047000;
      near_plane: 1.000000;
      far_plane: 2000.000000;
    };
    yaw: 10.599683;
    pitch: 0.000002;
    roll: 0.000000;
  };
  spline_speed: 1.515000;
  boids: {
    separation_scale: 0.000000;
    cohesion_scale: 0.000000;
    alignment_scale: 0.000000;
    wander_scale: 10.000000;
    follow_scale: 0.000000;
    cohesion_distance: 500.000000;
    separation_distance: 45.500004;
    max_speed: 25.000000;
    max_force: 10.000000;
    waypoint_radius: 10.000000;
    num_flocks: 2;
    boids_per_flock: 250;
  };
  particle_texture: 'gfx/particle_white.png';
  tonemap: {
    exposure: 1.000000;
    min_white: 1.306000;
  };
  lens_flare: {
    scale_bias: {
      scale: 1.000000;
      bias: 0.500000;
    };
    dispersion: 0.434000;
    num_ghosts: 4;
    halo_width: 0.364000;
    strength: 0.293000;
  };
};
