{
  camera: {
    yaw: -2.069015;
    pitch: 0.424880;
    roll: 0.000000;
    pos: { -91.429916, 50.078903, 35.115818 };
  };
  boids: {
    separation_scale: 3.774000;
    cohesion_scale: 1.724000;
    alignment_scale: 1.763000;
    wander_scale: 9.156000;
    follow_scale: 25.000002;
    cohesion_distance: 500.000000;
    separation_distance: 24.977001;
    max_speed: 16.926001;
    max_force: 22.070002;
    waypoint_radius: 10.000000;
    num_flocks: 10;
    boids_per_flock: 25;
  };
};
