{
  camera: {
    camera: {
      pos: { -13.336849, 116.355476, -57.324009 };
      dir: { 0.038384, -0.797474, 0.602131 };
      right: { 0.997974, 0.000000, -0.063618 };
      up: { 0.050734, 0.603353, 0.795859 };
      fov: 1.047000;
      near_plane: 1.000000;
      far_plane: 2000.000000;
    };
    yaw: 0.063661;
    pitch: 0.923097;
    roll: 0.000000;
  };
  boids: {
    separation_scale: 0.000000;
    cohesion_scale: 0.000000;
    alignment_scale: 0.000000;
    wander_scale: 100.000008;
    follow_scale: 0.000000;
    cohesion_distance: 500.000000;
    separation_distance: 45.500004;
    max_speed: 10.000000;
    max_force: 10.000000;
    waypoint_radius: 10.000000;
    num_flocks: 1;
    boids_per_flock: 1000;
  };
  particle_texture: 'gfx/particle_white.png';
  tonemap: {
    exposure: 1.000000;
    min_white: 1.306000;
  };
  lens_flare: {
    scale_bias: {
      scale: 1.000000;
      bias: 0.500000;
    };
    dispersion: 0.434000;
    num_ghosts: 4;
    halo_width: 0.364000;
    strength: 0.293000;
  };
};
