{
  camera: {
    camera: {
      pos: { -16.743179, 336.458862, -215.136017 };
      dir: { 0.051158, 0.594480, 0.802482 };
      right: { 0.997974, 0.000000, 0.063620 };
      up: { 0.037821, 0.804111, 0.593275 };
      fov: 1.047000;
      near_plane: 1.000000;
      far_plane: 2000.000000;
    };
    yaw: 0.063663;
    pitch: 0.636618;
    roll: 0.000000;
  };
  spline_speed: 1.515000;
  boids: {
    separation_scale: 0.505000;
    cohesion_scale: 6.061000;
    alignment_scale: 6.061000;
    wander_scale: 30.000000;
    follow_scale: 20.000000;
    cohesion_distance: 500.000000;
    separation_distance: 45.500004;
    max_speed: 25.000000;
    max_force: 10.000000;
    waypoint_radius: 10.000000;
    num_flocks: 15;
    boids_per_flock: 250;
  };
  particle_texture: 'gfx/particle_white.png';
  tonemap: {
    exposure: 1.000000;
    min_white: 1.306000;
  };
  lens_flare: {
    scale_bias: {
      scale: 1.000000;
      bias: 0.500000;
    };
    dispersion: 0.434000;
    num_ghosts: 4;
    halo_width: 0.364000;
    strength: 0.293000;
  };
};
