{
  camera: {
    yaw: 0.000000;
    pitch: 0.000000;
    roll: 0.000000;
    pos: { 0.000000, 10.000000, 30.000000 };
  };
  boids: {
    separation_scale: 10.000000;
    cohesion_scale: 10.000000;
    alignment_scale: 10.000000;
    wander_scale: 20.000000;
    follow_scale: 30.000000;
    cohesion_distance: 500.000000;
    separation_distance: 500.000000;
    max_speed: 50.000000;
    max_force: 50.000000;
    waypoint_radius: 10.000000;
    num_flocks: 25;
    boids_per_flock: 500;
  };
  particle_texture: 'gfx/particle3.png';
  tonemap: {
    shoulder: 0.843000;
    max_white: 1.268000;
  };
  tonemap2: {
    exposure: 1.000000;
    min_white: 1.306000;
  };
  lens_flare: {
    scale_bias: {
      scale: 1.000000;
      bias: 0.500000;
    };
    dispersion: 0.434000;
    num_ghosts: 4;
    halo_width: 0.364000;
    strength: 0.293000;
  };
};
