{
  camera: {
    yaw: 0.000000;
    pitch: 0.000000;
    roll: 0.000000;
    pos: { 0.000000, 10.000000, 30.000000 };
  };
  boids: {
    separation_scale: 25.000000;
    cohesion_scale: 20.000000;
    alignment_scale: 20.000000;
    wander_scale: 60.000000;
    follow_scale: 10.000000;
    cohesion_distance: 25.000000;
    separation_distance: 20.000000;
    max_speed: 300.000000;
    max_force: 100.000000;
    waypoint_radius: 10.000000;
    num_flocks: 1;
    boids_per_flock: 25;
  };
  particle_texture: 'gfx/particle3.png';
};
