{
  camera: {
    yaw: 0.350141;
    pitch: 0.732113;
    roll: 0.000000;
    pos: { 7.462798, 125.926994, -10.136116 };
  };
  boids: {
    separation_scale: 25.000000;
    cohesion_scale: 20.000000;
    alignment_scale: 20.000000;
    wander_scale: 60.000000;
    follow_scale: 10.000000;
    cohesion_distance: 25.000000;
    separation_distance: 20.000000;
    max_speed: 100.000008;
    max_force: 30.000002;
    waypoint_radius: 10.000000;
    num_flocks: 25;
    boids_per_flock: 250;
  };
  particle_texture: 'gfx/particle3.png';
  tonemap: {
    shoulder: 0.843000;
    max_white: 1.268000;
  };
  lens_flare: {
    scale_bias: {
      scale: 1.000000;
      bias: 0.500000;
    };
    dispersion: 0.313000;
    num_ghosts: 4;
    halo_width: 0.364000;
    strength: 0.100000;
  };
};
