{
  texture: 'gfx/particle1_pre.png';
  tint: { 0.866667, 0.878431, 1.000000, 0.752941 };
  inner_color: { 0.098039, 0.058824, 0.133333, 1.000000 };
  outer_color: { 0.188235, 0.278431, 0.486275, 1.000000 };
  num_particles: 5000;
  text_min_dist: 500.000000;
  text_max_dist: 2000.000000;
  text_time: 15.000000;
  text_triangle_prob: 0.000000;
  text1_start: 4;
  text1_end: 10;
  text2_start: 11;
  text2_end: 17;
  text3_start: 18;
  text3_end: 24;
  text_start: 4;
  text_length: 5;
  fade_out: 1;
};
