{
  camera: {
    camera: {
      pos: { 13.375228, 0.000000, 55.379696 };
      dir: { -0.576522, 0.000000, -0.817082 };
      right: { -0.817082, 0.000000, 0.576522 };
      up: { 0.000000, 1.000000, 0.000000 };
      fov: 1.047000;
      near_plane: 1.000000;
      far_plane: 2000.000000;
    };
    yaw: 3.756059;
    pitch: 0.000000;
    roll: 0.000000;
  };
  tonemap: {
    exposure: 1.000000;
    min_white: 1.000000;
  };
  lorenz_a: 20.000000;
  lorenz_b: 39.899002;
  lorenz_c: 2.121000;
};
