{
  camera: {
    camera: {
      pos: { -10.976236, 0.000000, 76.586548 };
      dir: { 0.393216, 0.000000, -0.919446 };
      right: { -0.919446, 0.000000, -0.393216 };
      up: { 0.000000, 1.000000, 0.000000 };
      fov: 1.047000;
      near_plane: 1.000000;
      far_plane: 2000.000000;
    };
    yaw: 2.737466;
    pitch: 0.000000;
    roll: 0.000000;
  };
  tonemap: {
    exposure: 1.000000;
    min_white: 1.000000;
  };
  lorenz_a: 20.000000;
  lorenz_b: 39.899002;
  lorenz_c: 2.121000;
};
