{
  camera: {
    camera: {
      pos: { -6.204246, 41.260330, 86.647766 };
      dir: { 0.265842, -0.851370, -0.452214 };
      right: { -0.862073, -0.000000, -0.506784 };
      up: { 0.431461, 0.524566, -0.733943 };
      fov: 1.047000;
      near_plane: 1.000000;
      far_plane: 2000.000000;
    };
    yaw: 2.610142;
    pitch: 1.018591;
    roll: 0.000000;
  };
  tonemap: {
    exposure: 1.000000;
    min_white: 1.000000;
  };
  lorenz_a: 20.000000;
  lorenz_b: 39.899002;
  lorenz_c: 2.121000;
};
