{
  tonemap: {
    exposure: 1.000000;
    min_white: 1.000000;
  };
  camera: {
    camera: {
      pos: { -367.237885, 1033.462280, 96.090820 };
      dir: { 0.347410, -0.923745, -0.161249 };
      right: { -0.421009, -0.000000, -0.907057 };
      up: { 0.837889, 0.383008, -0.388905 };
      fov: 1.047000;
      near_plane: 1.000000;
      far_plane: 2000.000000;
    };
    yaw: 2.005353;
    pitch: 1.177747;
    roll: 0.000000;
  };
  plexus: {
    eps: 0.100000;
    min_dist: 0.100000;
    max_dist: 200.000000;
    num_neighbours: 10;
    num_nearest: 3;
  };
  sphere: {
    radius: 640.909058;
    slices: 13;
    stacks: 6;
    layers: 14;
  };
  deform: {
    blur_kernel: 250.000015;
    noise_strength: 1000.000000;
    perlin_scale: 661.616028;
  };
  noise: {
    layer_lock: -1;
    num_layers: 1;
    max_scale: 1000.000000;
    scale_factor: 0.500000;
    max_opacity: 1.000000;
    opacity_factor: 0.500000;
    turbulence: 10.000000;
  };
};
