{
  sphere: {
    radius: 680.303040;
    noise_strength: 0.000000;
    perlin_scale: 1000.000061;
    eps: 0.010000;
    min_dist: 0.100000;
    max_dist: 123.838005;
    num_neighbours: 11;
    slices: 11;
    stacks: 6;
    layers: 14;
    num_nearest: 4;
  };
  camera: {
    yaw: 0.063662;
    pitch: 0.095493;
    roll: 0.000000;
    pos: { -109.430313, 88.245689, -824.350586 };
  };
};
