{
  tonemap: {
    exposure: 0.925000;
    min_white: 1.751000;
  };
  camera: {
    camera: {
      pos: { 84.343636, 0.000000, -422.440430 };
      dir: { -0.220978, 0.000000, 0.975279 };
      right: { 0.975279, -0.000000, 0.220978 };
      up: { 0.000000, 1.000000, 0.000000 };
      fov: 1.047000;
      near_plane: 1.000000;
      far_plane: 2000.000000;
    };
    yaw: -0.222817;
    pitch: 0.000000;
    roll: 0.000000;
  };
  plexus: {
    eps: 0.100000;
    min_dist: 0.100000;
    max_dist: 150.000000;
    num_neighbours: 15;
    num_nearest: 3;
  };
  sphere: {
    radius: 2000.000122;
    slices: 17;
    stacks: 12;
    layers: 26;
  };
  deform: {
    blur_kernel: 250.000015;
    noise_strength: 1600.447876;
    perlin_scale: 1000.000061;
  };
  noise: {
    layer_lock: -1;
    num_layers: 1;
    max_scale: 1000.000000;
    scale_factor: 0.500000;
    max_opacity: 1.000000;
    opacity_factor: 0.500000;
    turbulence: 10.000000;
  };
};
