{
  tonemap: {
    shoulder: 0.758000;
    toe: 0.286000;
    white_point: 3.456000;
    black_point: 0.082000;
    cross_over: 2.507000;
  };
  sphere: {
    radius: 680.303040;
    noise_strength: 0.000000;
    perlin_scale: 1000.000061;
    eps: 0.010000;
    min_dist: 0.100000;
    max_dist: 123.838005;
    num_neighbours: 11;
    slices: 11;
    stacks: 6;
    layers: 14;
    num_nearest: 4;
  };
  camera: {
    yaw: 0.063662;
    pitch: 0.095493;
    roll: 0.000000;
    pos: { -102.569687, 88.245689, -817.649414 };
  };
  noise: {
    layer_lock: -1;
    num_layers: 4;
    max_scale: 1.942000;
    scale_factor: 3.729000;
    max_opacity: 1.000000;
    opacity_factor: 0.992000;
  };
};
