{
  tonemap: {
    enabled: false;
    shoulder: 0.822000;
    toe: 0.239000;
    white_point: 1.637000;
    black_point: 0.087000;
    cross_over: 0.933000;
  };
  sphere: {
    radius: 680.303040;
    blur_kernel: 190.894012;
    noise_strength: -2499.999023;
    perlin_scale: 1000.000061;
    eps: 0.010000;
    min_dist: 0.100000;
    max_dist: 123.838005;
    num_neighbours: 11;
    slices: 11;
    stacks: 6;
    layers: 14;
    num_nearest: 4;
  };
  camera: {
    yaw: 0.063662;
    pitch: 0.095493;
    roll: 0.000000;
    pos: { -94.569687, 88.245689, -809.649414 };
  };
  noise: {
    layer_lock: -1;
    num_layers: 4;
    max_scale: 1.000000;
    scale_factor: 3.729000;
    max_opacity: 0.367000;
    opacity_factor: 0.864000;
    turbulence: 104.292007;
  };
};
