{
  tonemap: {
    exposure: 1.000000;
    min_white: 1.000000;
  };
  camera: {
    camera: {
      pos: { -0.111937, -28.115957, -54.460243 };
      dir: { -0.317985, 0.044308, 0.947060 };
      right: { 0.946968, 0.063557, 0.314981 };
      up: { -0.046236, 0.996994, -0.062168 };
      fov: 1.047000;
      near_plane: 1.000000;
      far_plane: 2000.000000;
    };
    yaw: 18.525623;
    pitch: 6.238863;
    roll: 0.063662;
  };
};
