{
  camera: {
    camera: {
      pos: { -9.919356, -21.333374, 22.795895 };
      dir: { 0.171074, 0.170804, -0.970340 };
      right: { -0.984703, 0.062684, -0.162572 };
      up: { 0.033057, 0.983309, 0.178915 };
      fov: 1.047000;
      near_plane: 1.000000;
      far_plane: 2000.000000;
    };
    yaw: 15.533454;
    pitch: 6.111540;
    roll: 0.063662;
  };
  tonemap: {
    exposure: 1.000000;
    min_white: 1.000000;
  };
};
