{
  camera: {
    camera: {
      pos: { -4.382528, -18.962013, -46.783634 };
      dir: { 0.132436, 0.139360, 0.981346 };
      right: { 0.987823, 0.062998, -0.142256 };
      up: { -0.081648, 0.988236, -0.129320 };
      fov: 1.047000;
      near_plane: 1.000000;
      far_plane: 2000.000000;
    };
    yaw: 12.700514;
    pitch: 6.143370;
    roll: 0.063662;
  };
  tonemap: {
    exposure: 1.000000;
    min_white: 1.000000;
  };
};
