{
  tonemap: {
    exposure: 1.000000;
    min_white: 1.000000;
  };
  camera: {
    camera: {
      pos: { -12.747043, -37.096535, -54.970730 };
      dir: { 0.082098, 0.139359, 0.986833 };
      right: { 0.993804, 0.062998, -0.091574 };
      up: { -0.074930, 0.988236, -0.133324 };
      fov: 1.047000;
      near_plane: 1.000000;
      far_plane: 2000.000000;
    };
    yaw: 6.366188;
    pitch: 6.143371;
    roll: 0.063662;
  };
};
