{
  camera: {
    camera: {
      pos: { -35.508919, -13.921657, 50.050922 };
      dir: { 0.604666, -0.082905, -0.792153 };
      right: { -0.790079, 0.063400, -0.609718 };
      up: { 0.100771, 0.994539, -0.027166 };
      fov: 1.047000;
      near_plane: 1.000000;
      far_plane: 2000.000000;
    };
    yaw: 15.055992;
    pitch: 6.366186;
    roll: 0.063662;
  };
  tonemap: {
    exposure: 1.000000;
    min_white: 1.000000;
  };
};
