{
  tonemap: {
    exposure: 1.000000;
    min_white: 1.000000;
  };
  camera: {
    camera: {
      pos: { 54.660301, -50.500557, -36.906975 };
      dir: { -0.777988, 0.139360, 0.612629 };
      right: { 0.624378, 0.062998, 0.778578 };
      up: { 0.069908, 0.988236, -0.136025 };
      fov: 1.047000;
      near_plane: 1.000000;
      far_plane: 2000.000000;
    };
    yaw: 5.379433;
    pitch: 6.143371;
    roll: 0.063662;
  };
};
