{
  tonemap: {
    exposure: 1.000000;
    min_white: 1.000000;
  };
  camera: {
    camera: {
      pos: { 95.637245, -113.569084, -90.452965 };
      dir: { -0.460876, 0.202075, 0.864152 };
      right: { 0.886618, 0.062307, 0.458287 };
      up: { 0.038766, 0.977386, -0.207879 };
      fov: 1.047000;
      near_plane: 1.000000;
      far_plane: 2000.000000;
    };
    yaw: 5.793233;
    pitch: 6.079709;
    roll: 0.063662;
  };
};
