{
  tonemap: {
    exposure: 0.502000;
    min_white: 3.517000;
  };
  camera: {
    camera: {
      pos: { 0.000000, 0.000000, 0.000000 };
      dir: { 0.000000, 0.000000, 1.000000 };
      right: { 1.000000, 0.000000, 0.000000 };
      up: { 0.000000, 1.000000, 0.000000 };
      fov: 1.047000;
      near_plane: 1.000000;
      far_plane: 2000.000000;
    };
    yaw: 0.000000;
    pitch: 0.000000;
    roll: 0.000000;
  };
  plexus: {
    eps: 7.520000;
    min_dist: 0.100000;
    max_dist: 54.356003;
    num_neighbours: 12;
    num_nearest: 5;
  };
};
